268205
268201
268197
268193
268189
268185
268181
268177
268173
268169
268165
268161
268157
268153
268149
268145
268141
268137
268133
268129
268125
268121
268117
268113
268109
268105
268101
268097
268093
268089
268085
268081
268077
268073
268069
268065
268061
268057
268053
268049
268045
268041
268037
268033
268029
268025
268021
268017
268013
268009
268005
268001
267997
267993
267989
267985
267981
267977
267973
267969
267965
267961
267957
267953
267949
267945
267941
267937
267933
267929
267925
267921
267917
267913
267909
267905
267901
267897
267893
267889
267885
267881
267877
267873
267869
267865
267861
267857
267853
267849
267845
267841
267837
267833
267829
267825
267821
267817
267813
267809
267805
267801
267797
267793
267789
267785
267781
267777
267773
267769
267765
267761
267757
267753
267749
267745
267741
267737
267733
267729
267725
267721
267717
267713
267709
267705
267701
267697
267693
267689
267685
267681
267677
267673
267669
267665
267661
267657
267653
267649
267645
267641
267637
267633
267629
267625
267621
267617
267613
267609
267605
267601
267597
267593
267589
267585
267581
267577
267573
267569
267565
267561
267557
267553
267549
267545
267541
267537
267533
267529
267525
267521
267517
267513
267509
267505
267501
267497
267493
267489
267485
267481
267477
267473
267469
267465
267461
267457
267453
267449
267445
267441
267437
267433
267429
267425
267421
267417
267413
267409
267405
267401
267397
267393
267389
267385
267381
267377
267373
267369
267365
267361
267357
267353
267349
267345
267341
267337
267333
267329
267325
267321
267317
267313
267309
267305
267301
267297
267293
267289
267285
267281
267277
267273
267269
267265
267261
267257
267253
267249
267245
267241
267237
267233
267229
267225
267221
267217
267211
267207
267203
267199
267195
267191
267187
267183
267179
267175
267171
267167
267163
267159
267155
267151
267147
267143
267139
267135
267131
267127
267123
267119
267115
267111
267107
267103
267099
267095
267091
267087
267083
267079
267075
267071
267067
267063
267059
267055
267051
267047
267043
267039
267035
267031
267027
267023
267019
267015
267011
267007
267003
266999
266995
266991
266987
266983
266979
266975
266971
266967
266963
266959
266955
266951
266947
266943
266939
266935
266931
266927
266923
266919
266915
266911
266907
266903
266899
266895
266891
266887
266883
266879
266875
268257
268253
268249
268245
268241
268237
268233
268229
268225
268221
268217
268213
268209
266871
266867
266863
266859
266855
266851
266847
266843
266839
266835
266831
266827
266823
266819
266815
266811
266807
266803
266799
266795
266791
266787
266783
266779
266775
266771
266767
266763
266759
266755
266751
266747
266743
266739
266735
266731
266727
266723
266719
266715
266711
266707
266703
266699
266695
266691
266687
266683
266679
266675
266671
266667
266663
266659
266655
266651
266647
266643
266639
266635
266631
266627
266623
266619
266615
266611
266607
266603
266599
266595
266591
266587
266583
266579
266575
266571
266567
266563
266559
266555
266551
266547
266543
266539
266535
266531
266527
266523
266519
266515
266511
266507
266503
266499
266495
266491
268258
268254
268250
268246
268242
268238
268234
268230
268226
268222
268218
268214
268210
268198
268194
268190
268186
268182
268178
268174
268170
268166
268162
268158
268154
268150
268146
268142
268138
268134
268130
268126
268122
268118
268114
268110
268106
268102
268098
268094
268090
268086
268082
268078
268074
268070
268066
268062
268058
268054
268050
268046
268042
268038
268034
268030
268026
268022
268018
268014
268010
268006
268002
267998
267994
267990
267986
267982
267978
267974
267970
267966
267962
267958
267954
267950
267946
267942
267938
267934
267930
267926
267922
267918
267914
267910
267906
267902
267898
267894
267890
267886
267882
267878
267874
267870
267866
267862
267858
267854
267850
267846
267842
267838
267834
267830
267826
267822
267818
267814
267810
267806
267802
267798
267794
267790
267786
267782
267778
267774
267770
267766
267762
267758
267754
267750
267746
267742
267738
267734
267730
267726
267722
267718
267714
267710
267706
267702
267698
267694
267690
267686
267682
267678
267674
267670
267666
267662
267658
267654
267650
267646
267642
267638
267634
267630
267626
267622
267618
267614
267610
267606
267602
267598
267594
267590
267586
267582
267578
267574
267570
267566
267562
267558
267554
267550
267546
267542
267538
267534
267530
267526
267522
267518
267514
267510
267506
267502
267498
267494
267490
267486
267482
267478
267474
267470
267466
267462
267458
267454
267450
267446
267442
267438
267434
267430
267426
267422
267418
267414
267410
267406
267402
267398
267394
267386
267382
267378
267374
267370
267366
267362
267358
267354
267350
267346
267342
267338
267334
267330
267326
267322
267318
267314
267310
267306
267302
267298
267294
267290
267286
267282
267278
267274
267270
267266
267262
267258
267254
267250
267246
267242
267238
267234
267230
267226
267222
267218
267214
267208
267204
267200
267196
267192
268206
268202
267390
267184
267180
267176
267172
267168
267164
267160
267156
267152
267148
267144
267140
267136
267132
267128
267124
267120
267116
267112
267108
267104
267100
267096
267092
267088
267084
267080
267076
267072
267068
267064
267060
267056
267052
267048
267044
267040
267036
267032
267028
267024
267020
267016
267012
267008
267004
267000
266996
266992
266988
266984
266980
266976
266972
266968
266964
266960
266956
266952
266948
266944
266940
266936
266932
266928
266924
266920
266916
266912
266908
266904
266900
266896
266892
266888
266884
266880
266876
266872
266868
266864
266860
266856
266852
266848
266844
266840
266836
266832
266828
266824
266820
266816
266812
266808
266804
266800
266796
266792
267188
266788
266784
266780
266776
266772
266768
266764
266760
266756
266752
266748
266744
266740
266736
266732
266728
266724
266720
266716
266712
266708
266704
266700
266696
266692
266688
266684
266680
266676
266672
266668
266664
266660
266656
266652
266648
266644
266640
266636
266632
266628
266624
266620
266616
266612
266608
266604
266600
266596
266592
266588
266584
266580
266576
266572
266568
266564
266560
266556
266552
266548
266544
266540
266536
266532
266528
266524
266520
266516
266512
266508
266504
266500
266496
266492
269749
269747
269745
269743
269741
269739
269737
269735
269733
269731
269729
269727
269725
269723
269721
269719
269717
269715
269713
269711
269709
269707
269705
269703
269701
269699
269697
269695
269693
269691
269689
269687
269685
269683
269681
269679
269677
269675
269673
269671
269669
269667
269665
269663
269661
269659
269657
269655
269653
269651
269649
269647
269645
269643
269641
269639
269637
269635
269633
269631
269629
269627
269625
269623
269621
269619
269617
269615
269613
269611
269609
269607
269605
269603
269601
269599
269597
269595
269593
269591
269589
269587
269585
269583
269581
269579
269577
269575
269573
269571
269569
269567
269565
269563
269561
269559
269557
269555
269553
269551
269549
269547
269545
269543
269541
269539
269537
269535
269533
269531
269529
269527
269525
269523
269521
269519
269517
269515
269513
269511
269509
269507
269505
269503
269501
269499
269497
269495
269493
269491
269489
269487
269485
269483
269481
269479
269477
269475
269473
269471
269469
269467
269465
269463
269461
269459
269457
269455
269453
269451
269449
269447
269445
269443
269441
269439
269437
269435
269433
269431
269429
269427
269425
269423
269421
269419
269417
269415
269413
269411
269409
269407
269405
269403
269401
269399
269397
269395
269393
269391
269389
269387
269385
269383
269381
269379
269377
269375
269373
269371
269369
269367
269365
269363
269361
269359
269357
269355
269353
269351
269349
269347
269345
269343
269121
269119
269117
269115
269113
269111
269109
269107
269105
269103
269101
269099
269097
269095
269093
269091
269089
269087
269085
269083
269081
269079
269077
269075
269073
269071
269069
269067
269065
269063
269061
269059
269057
269055
269053
269051
269049
269047
269045
269043
269041
269039
269037
269035
269033
269031
269029
269027
269025
269023
269021
269019
269017
269015
269013
269011
269009
269007
269005
269003
269001
268999
268997
268995
268993
268991
268989
268987
268985
268983
268981
268979
268977
268975
268973
268971
268969
268967
268965
268963
268961
268959
269841
269839
269837
269835
269833
269831
269829
269827
269825
269823
269821
269819
269817
269815
269813
269811
269809
269807
269805
269803
269801
269799
269797
269795
269793
269791
269789
269787
269785
269783
269781
269779
269777
269775
269773
269771
269769
269767
269765
269763
269761
269759
269757
269755
269753
269751
269341
269339
269337
269335
269333
269331
269329
269327
269325
269323
269321
269319
269317
269315
269313
269311
269309
269307
269305
269303
269301
269299
269297
269295
269293
269291
269289
269287
269285
269283
269281
269279
269277
269275
269273
269271
269269
269267
269265
269263
269261
269259
269257
269255
269253
269251
269249
269247
269245
269243
269241
269239
269237
269235
269233
269231
269229
269227
269225
269223
269221
269219
269217
269215
269213
269211
269209
269207
269205
269203
269201
269199
269197
269195
269193
269191
269189
269187
269185
269183
269181
269179
269177
269175
269173
269171
269169
269167
269165
269163
269161
269159
269157
269155
269153
269151
269149
269147
269145
269143
269141
269139
269137
269135
269133
269131
269129
269127
269125
269123